20.0
20.2
20.7
21.2
22.0
22.8
23.7
24.7
25.9
27.1
28.3
29.7
31.1
32.6
34.2
35.8
37.4
39.2
40.9
42.8
44.6
46.6
48.5
50.5
52.6
54.7
56.8
59.0
61.2
63.4
65.7
68.0
70.3
72.7
75.1
77.5
79.9
82.4
84.9
87.4
89.9
92.5
95.1
97.7
100.3
103.0
105.6
108.3
111.0
113.7
116.5
119.2
122.0
124.8
127.6
130.4
133.3
136.1
139.0
141.8
144.7
147.6
150.5
153.4
156.4
159.3
162.3
165.2
168.2
171.2
174.2
177.2
180.2
183.2
186.2
189.3
192.3
195.3
198.4
201.4
204.5
207.6
210.6
213.7
216.8
219.9
223.0
226.1
229.2
232.3
235.4
238.5
241.6
244.7
247.9
251.0
254.1
257.2
260.3
263.5
266.6
269.7
272.8
276.0
279.1
282.2
285.3
288.5
291.6
294.7
297.8
300.9
304.0
307.2
310.3
313.4
316.5
319.6
322.7
325.8
328.8
331.9
335.0
338.1
341.1
344.2
347.3
350.3
353.4
356.4
359.4
362.5
365.5
368.5
371.5
374.5
377.5
380.5
383.4
386.4
389.4
392.3
395.3
398.2
401.1
404.0
406.9
409.8
412.7
415.6
418.4
421.3
424.1
427.0
429.8
432.6
435.4
438.2
441.0
443.7
446.5
449.2
452.0
454.7
457.4
460.1
462.8
465.4
468.1
470.7
473.4
476.0
478.6
481.2
483.8
486.3
488.9
491.4
494.0
496.5
499.0
